cam0:
  T_cam_imu:
  - [0.9999944148732942, -0.003338881167545555, -0.00014864308463995992, 0.007860336953684129]
  - [0.003340134819185792, 0.999949927742019, 0.00943321303270462, -0.011698748888808905]
  - [0.000117139264400736, -0.009433656834957227, 0.9999554952082181, -0.010140031716461642]
  - [0.0, 0.0, 0.0, 1.0]
  cam_overlaps: [1]
  camera_model: pinhole
  distortion_coeffs: [0.005507738369610476, -0.002730763767754141, -0.0007685456911255581, 0.0001243533071243916]
  distortion_model: radtan
  intrinsics: [384.5782627760481, 385.1473147986697, 322.28076064699223, 235.82422761295928]
  resolution: [640, 480]
  rostopic: /camera/infra1/image_rect_raw
  timeshift_cam_imu: -0.009724866974274445
cam1:
  T_cam_imu:
  - [0.9999947699895142, -0.0032171329156367033, 0.0003317369772914106, -0.04074445450848451]
  - [0.003213981490872687, 0.9999534390946822, 0.009098899147392245, -0.011701267880138668]
  - [-0.00036099389926055485, -0.009097785363549441, 0.9999585491333547, -0.01020186521029598]
  - [0.0, 0.0, 0.0, 1.0]
  T_cn_cnm1:
  - [0.9999998772061167, 0.00012627486929588628, 0.00047921019308602697, -0.04859845403242374]
  - [-0.00012611465427291092, 0.9999999361536173, -0.00033434690914664817, -4.918722838230387e-06]
  - [-0.0004792523821024415, 0.00033428643266306764, 0.9999998292848531, -5.4157406649499505e-05]
  - [0.0, 0.0, 0.0, 1.0]
  cam_overlaps: [0]
  camera_model: pinhole
  distortion_coeffs: [0.005151209993087185, -0.005272449133347034, -0.0005248490552264732, 0.00016954327620071077]
  distortion_model: radtan
  intrinsics: [384.941812298272, 385.43020027620656, 322.23272141480516, 235.97223262611882]
  resolution: [640, 480]
  rostopic: /camera/infra2/image_rect_raw
  timeshift_cam_imu: -0.009745679657900538
T_imu_body:
  [1.0000, 0.0000, 0.0000, 0.0000,
  0.0000, 1.0000, 0.0000, 0.0000,
  0.0000, 0.0000, 1.0000, 0.0000,
  0.0000, 0.0000, 0.0000, 1.0000]

